100 100
249 39 173 81 180 150 254 42 19 30 170 85 229 238 232 93 231 224 183 229 63 1 4 32 198 106 220 240 217 57 207 73 179 142 160 115 232 230 111 122 151 25 15 200 90 196 55 80 53 153 55 25 155 166 26 21 137 79 224 105 116 60 87 255 209 2 186 78 95 227 178 195 49 170 186 92 224 153 134 73 114 27 233 184 161 206 80 153 170 243 150 98 213 95 27 219 95 141 214 4
254 197 20 253 159 16 77 246 213 94 130 34 67 200 91 93 108 201 225 229 172 44 243 78 245 46 141 33 87 60 79 198 56 107 90 185 135 222 178 72 91 163 57 212 116 98 116 98 206 34 161 106 124 79 240 253 131 82 74 9 228 118 39 160 131 190 231 247 97 183 119 162 78 175 55 207 95 104 223 2 155 144 147 170 171 217 94 250 165 30 15 68 187 29 196 13 233 85 85 200
31 249 35 65 99 11 186 98 183 31 109 192 183 178 71 98 98 74 85 31 68 59 187 7 144 194 92 23 31 94 74 247 177 198 184 227 238 46 10 200 213 133 104 219 102 11 221 164 93 39 146 196 72 245 1 240 79 147 151 26 13 234 87 118 192 27 248 181 18 83 175 251 38 44 205 5 236 19 8 183 49 240 21 65 137 207 54 147 171 213 59 212 18 104 153 66 139 11 129 22
212 62 3 40 125 171 133 254 76 23 97 201 144 49 160 178 177 117 179 64 146 69 140 203 116 243 162 123 251 169 245 42 82 222 146 98 109 55 40 215 64 32 206 46 78 22 158 107 168 162 211 66 49 208 53 85 122 2 214 2 122 104 54 115 177 93 65 129 56 216 70 249 252 132 83 70 6 57 220 92 74 212 182 143 42 51 80 27 73 217 97 6 20 247 220 159 77 78 141 218
40 53 220 111 252 138 33 175 46 64 77 56 23 128 165 95 67 100 122 1 235 88 61 197 125 239 139 122 186 26 166 156 92 67 226 22 109 250 25 14 117 212 96 251 188 46 78 119 246 30 209 29 248 187 144 86 104 100 54 121 253 106 187 53 67 175 208 161 193 100 253 199 174 203 19 192 248 136 144 245 8 119 89 162 62 182 100 217 51 198 136 246 75 84 153 198 113 99 97 162
107 197 79 227 92 86 75 97 163 102 174 68 204 249 179 172 131 74 5 237 178 153 242 77 167 246 194 114 149 113 224 153 82 253 228 151 79 9 99 212 127 204 79 27 140 68 69 67 6 246 21 76 3 194 63 211 197 253 189 150 166 186 32 244 214 162 185 150 100 252 248 113 250 177 192 55 40 233 82 214 189 168 233 183 212 222 158 84 171 179 11 45 70 101 28 239 145 155 42 3
221 10 196 207 141 130 113 172 29 207 116 136 179 172 96 104 26 39 24 60 140 120 125 161 194 196 230 244 67 119 98 123 84 94 134 76 76 140 180 225 120 154 199 120 248 192 165 116 70 81 105 242 101 71 17 172 106 41 39 147 26 136 4 87 94 16 211 114 106 241 218 8 45 83 101 61 200 157 152 67 191 83 195 244 213 88 248 211 73 24 195 229 11 205 120 121 101 39 11 160
197 189 197 83 206 208 198 64 243 87 206 121 48 91 68 205 15 90 215 106 34 28 252 253 183 193 81 42 107 30 240 22 114 172 127 7 94 214 50 38 161 125 195 196 0 199 46 88 214 2 148 6 178 119 128 16 103 43 71 143 140 113 2 204 23 69 13 113 65 120 169 122 157 84 158 94 103 66 188 94 239 50 76 204 28 63 174 159 111 76 180 149 46 88 31 41 180 118 102 20
132 67 33 168 103 201 83 220 125 71 41 63 159 50 12 3 176 189 113 72 220 247 3 122 132 174 152 70 194 66 150 85 123 143 144 122 247 96 27 68 79 227 22 102 208 7 111 220 133 138 73 236 122 241 195 59 230 28 242 155 200 43 116 70 124 38 195 187 248 31 233 187 223 160 213 141 208 240 148 68 58 158 165 186 34 176 30 97 220 48 9 154 126 224 166 120 163 82 197 111
36 92 154 40 226 80 30 11 24 90 155 218 199 111 228 15 59 166 223 238 145 142 63 142 88 102 48 46 133 9 139 205 114 213 178 16 242 101 105 17 45 72 192 165 124 222 135 22 81 22 76 150 156 123 182 20 181 254 167 226 128 227 162 78 54 14 86 82 13 146 17 25 83 177 20 69 206 238 50 233 67 81 103 90 65 210 42 194 134 158 222 99 165 192 59 159 12 213 205 63
129 69 205 122 35 244 187 214 247 136 248 19 56 26 168 102 146 119 51 52 225 34 224 195 5 146 108 218 124 215 81 221 110 103 70 159 77 61 173 80 127 171 164 109 218 120 190 159 5 33 5 246 198 219 143 151 194 168 34 179 23 156 211 56 190 28 61 138 254 246 29 202 198 251 143 158 107 85 57 154 71 160 90 19 79 61 102 108 73 163 13 157 184 200 151 11 44 214 125 234
225 136 124 8 137 78 202 86 12 11 99 200 254 108 240 150 55 205 129 227 205 187 176 7 52 46 12 253 186 86 170 126 135 242 180 150 125 45 201 170 154 162 138 89 243 187 17 195 157 196 47 236 230 229 135 43 188 129 35 224 171 6 254 126 38 185 147 170 224 45 90 189 18 81 82 181 54 71 101 225 6 177 225 44 173 167 246 144 174 56 29 178 106 28 127 238 51 130 103 125
27 111 158 128 94 136 148 177 112 40 98 39 147 170 217 61 132 119 10 164 3 137 240 150 254 212 21 133 249 66 42 147 84 66 164 45 116 89 149 57 214 19 66 108 145 90 184 65 108 64 102 251 143 182 233 204 1 25 83 203 233 43 15 253 184 234 30 5 236 251 180 130 215 222 90 8 231 70 176 231 131 45 14 62 205 232 233 251 236 238 93 252 36 102 49 90 187 64 159 17
47 46 125 46 253 62 71 44 147 104 88 209 97 246 246 49 242 175 85 38 41 43 156 240 105 200 91 231 120 118 90 246 73 23 173 57 45 164 232 82 72 38 44 56 82 90 38 133 144 3 201 246 144 6 10 147 57 146 46 14 232 144 36 248 71 89 159 206 18 35 155 178 215 25 122 207 152 50 104 86 199 4 218 229 23 52 49 185 217 206 46 68 103 160 181 229 54 134 187 239
50 2 133 38 217 28 251 153 66 220 143 80 189 110 194 59 154 160 193 126 83 211 145 247 22 251 222 136 66 185 248 65 44 6 103 205 138 189 54 89 61 47 9 227 5 29 60 5 48 98 245 54 247 82 167 163 1 64 221 86 238 170 73 40 150 23 96 253 64 43 163 7 255 113 243 243 83 196 225 171 40 146 120 233 77 23 175 19 53 21 235 104 97 173 165 18 34 112 55 17
238 215 200 159 111 189 255 57 76 10 250 114 64 149 152 129 34 86 59 121 84 200 37 87 52 205 16 161 95 104 35 110 54 239 53 225 68 57 2 222 198 111 129 174 134 129 8 69 170 29 156 196 13 234 75 112 254 10 26 99 175 0 199 40 253 160 131 85 137 95 51 108 41 88 64 208 177 28 116 137 170 74 242 89 40 226 8 166 107 102 120 224 40 157 220 45 46 46 223 58
129 135 235 106 0 59 232 75 85 103 7 253 47 149 197 196 16 183 22 211 127 87 181 45 107 181 253 146 178 79 175 139 174 1 234 4 110 165 192 57 91 114 205 231 142 72 36 222 73 76 31 12 18 200 19 46 181 182 116 52 254 40 240 73 177 175 192 18 194 226 170 93 246 215 27 241 207 216 203 112 245 82 153 65 155 120 92 248 51 84 19 183 247 140 157 214 0 52 138 149
71 247 140 204 181 96 16 60 142 199 36 34 116 73 214 103 6 7 51 169 31 31 49 117 171 228 35 34 154 138 85 146 52 5 196 31 234 47 121 140 163 120 180 254 237 194 5 129 127 151 226 220 134 52 48 37 192 54 162 219 242 28 111 75 126 112 226 137 180 129 17 234 174 211 244 204 44 156 227 199 95 161 112 199 180 210 155 159 195 219 54 17 104 107 246 249 127 161 146 89
183 200 5 14 183 86 219 36 21 227 177 148 156 148 217 239 52 35 55 47 138 85 244 40 198 248 95 118 171 206 7 165 241 240 164 203 235 129 206 228 140 222 153 146 79 32 19 221 246 148 24 167 218 71 46 40 139 80 184 180 178 95 121 144 45 130 108 245 238 35 188 14 129 163 243 81 245 91 92 173 122 135 245 77 106 120 82 76 200 230 110 188 48 35 151 37 182 121 97 214
29 131 47 145 189 170 152 234 39 101 91 180 35 119 27 150 28 142 227 106 72 91 194 223 42 26 94 13 160 82 133 131 10 111 166 217 167 89 206 5 17 62 184 226 213 71 123 189 106 76 158 29 0 82 140 245 129 170 8 195 95 141 207 219 82 85 169 215 197 198 197 19 228 121 196 125 218 201 135 28 21 245 62 206 124 113 75 168 180 176 254 140 234 197 32 17 49 115 211 126
168 46 19 247 11 10 196 50 34 224 245 31 75 205 217 53 35 12 3 106 203 213 159 169 254 218 126 150 106 226 184 79 105 93 141 115 17 29 222 231 180 98 215 3 84 73 200 243 93 101 234 248 252 228 74 147 200 38 226 195 198 171 205 90 127 127 120 232 144 138 40 167 18 33 26 211 80 184 54 249 252 5 240 127 167 137 78 149 204 137 98 72 138 142 113 52 151 123 107 183
64 159 59 62 23 80 89 249 1 54 41 163 64 230 228 149 246 47 52 161 82 23 73 96 157 60 79 54 53 35 113 11 152 189 68 113 198 197 20 36 18 140 17 65 46 55 127 129 193 180 39 219 17 123 217 188 106 146 239 248 246 158 52 51 64 180 222 22 37 54 104 47 51 233 70 233 3 129 226 78 137 215 218 87 111 60 138 86 33 255 206 16 58 249 177 176 194 160 161 47
213 101 121 32 247 245 123 6 214 25 253 135 148 52 64 229 126 205 241 144 2 213 171 136 203 20 22 139 12 155 245 207 247 219 119 202 179 113 0 244 108 241 247 201 29 53 244 201 204 149 164 100 126 213 68 149 181 169 243 70 186 221 97 112 84 132 236 29 209 239 46 37 44 137 92 182 107 140 64 222 197 85 32 218 166 158 9 128 22 244 66 34 126 4 113 224 62 130 156 15
193 173 12 239 139 189 2 23 65 9 97 134 205 206 115 117 68 236 56 221 88 141 121 61 156 221 161 245 164 143 199 47 250 153 40 110 3 112 9 55 155 53 61 78 190 178 131 157 34 144 184 239 167 218 91 148 80 193 177 197 29 58 134 88 46 199 60 221 27 60 240 54 192 109 29 49 75 155 135 142 201 90 128 233 135 239 16 183 69 27 194 23 229 158 144 117 80 2 247 24
178 155 38 100 158 153 4 105 35 84 148 210 228 18 150 140 100 98 176 119 39 10 85 118 241 224 57 220 172 108 29 136 85 63 179 182 65 112 196 170 8 97 14 50 135 13 230 83 237 95 222 201 56 206 149 21 36 220 181 246 199 195 242 225 187 58 243 57 52 23 162 162 221 29 234 184 158 248 15 224 100 226 209 110 208 16 147 9 168 18 136 143 147 189 177 82 134 220 55 144
23 25 84 92 206 192 144 35 110 250 69 32 166 137 245 230 94 169 90 95 56 168 140 92 109 198 75 239 101 37 112 79 170 37 46 99 226 141 145 127 246 216 175 205 226 222 75 145 105 96 165 191 149 20 224 167 188 249 202 43 122 166 249 116 20 168 97 232 91 188 91 155 251 32 120 126 162 86 137 50 157 93 161 21 192 174 115 31 60 254 155 224 73 212 231 236 87 242 160 203
75 106 123 45 214 100 222 241 207 229 196 29 155 179 81 48 207 48 110 85 200 172 113 120 164 117 1 87 154 1 153 151 200 137 173 32 140 91 140 65 226 255 138 239 88 70 160 233 168 20 71 205 67 134 225 189 195 1 51 163 150 249 123 141 12 118 196 192 88 9 135 214 194 216 136 83 184 221 195 207 196 253 49 221 227 184 184 20 244 172 164 208 253 255 80 6 107 108 203 97
59 108 42 222 181 170 213 5 37 223 161 12 150 116 31 9 119 68 107 134 53 132 62 163 132 145 236 108 158 60 44 94 79 77 254 174 139 82 143 183 149 27 51 66 63 115 42 225 176 32 126 169 130 128 112 126 92 233 210 166 153 18 26 69 202 183 134 254 255 196 159 233 217 86 103 189 74 216 86 107 121 90 109 191 10 228 248 117 129 152 46 68 184 176 163 59 37 107 137 66
101 39 74 117 179 11 179 220 254 41 110 113 160 239 196 167 231 90 175 18 207 216 194 164 80 33 41 235 192 236 85 234 98 163 164 187 212 70 183 106 124 237 145 94 251 154 50 53 104 252 15 77 68 109 18 214 183 219 53 59 114 236 142 139 60 221 225 166 63 249 97 197 242 190 94 189 175 89 249 221 237 34 220 88 96 194 139 192 184 89 67 250 130 86 113 128 98 39 68 228
154 143 74 245 231 20 233 74 145 120 190 253 170 209 236 90 212 221 131 21 110 60 192 138 115 123 12 132 128 34 177 234 236 128 142 88 210 201 113 61 83 34 244 47 67 169 158 127 63 105 253 3 106 154 243 72 239 229 20 215 228 86 198 151 90 90 251 58 87 163 29 49 38 163 110 218 183 190 147 183 64 73 253 126 184 138 27 244 116 149 78 56 62 93 102 252 199 34 71 217
104 51 80 83 34 135 191 227 250 189 188 124 119 129 209 144 9 181 58 93 104 155 183 233 106 77 232 223 204 45 185 158 71 66 80 244 63 235 224 114 45 168 54 199 58 18 76 134 1 212 114 210 126 30 41 22 186 115 152 156 70 167 208 213 36 180 151 34 62 74 225 185 104 6 102 200 124 3 177 74 113 23 139 116 182 4 128 69 155 236 24 159 57 242 91 172 44 224 186 112
147 182 6 129 232 139 149 48 123 241 126 215 2 175 227 213 163 51 230 134 98 216 150 176 50 3 111 199 144 62 109 100 178 151 108 79 166 203 159 32 182 229 181 242 181 134 204 1 90 12 235 211 81 69 152 219 244 65 169 94 220 44 251 176 113 77 234 126 23 172 40 108 117 34 63 198 124 219 113 243 113 4 161 54 12 155 193 103 176 214 99 133 165 111 86 151 195 173 42 176
181 159 175 230 81 218 139 230 51 77 94 156 91 156 99 20 81 122 236 196 229 213 193 128 13 178 182 6 43 133 123 40 245 5 149 40 94 111 4 77 44 224 240 132 175 136 99 69 160 145 64 78 80 43 37 191 253 178 162 105 243 135 141 11 163 37 241 33 160 9 160 147 213 117 196 128 130 187 214 110 121 115 7 102 32 81 130 14 93 173 10 106 216 233 229 181 149 51 73 79
207 165 74 179 128 112 149 226 116 195 85 50 39 220 98 46 90 23 148 103 117 213 182 178 26 247 67 178 2 33 82 79 187 189 140 75 146 10 44 22 173 13 162 234 118 132 160 145 115 110 120 234 165 19 232 34 52 38 167 210 24 188 255 95 80 27 206 240 158 186 65 49 231 56 59 179 208 21 35 254 14 209 73 146 181 141 252 108 70 0 65 87 30 168 58 245 18 175 221 149
111 211 39 244 78 69 226 48 174 60 14 246 39 160 92 86 206 231 41 34 200 102 139 110 63 164 76 162 42 77 7 129 25 171 117 55 233 46 135 199 125 118 45 105 139 191 163 86 66 193 22 121 193 11 144 72 204 197 110 27 19 100 252 169 97 132 191 67 102 140 253 29 226 48 89 146 167 49 239 0 43 37 198 198 57 110 6 122 101 72 18 251 234 248 13 15 33 251 15 182
37 204 13 187 228 230 2 199 187 71 111 110 53 246 74 147 231 32 104 68 198 34 3 159 155 13 10 240 159 148 130 114 116 225 157 122 5 163 250 41 57 142 167 173 120 229 119 147 155 231 204 112 127 152 228 28 23 134 12 225 28 19 217 165 181 245 175 211 226 145 68 122 191 22 241 187 25 49 84 92 35 120 157 129 63 41 4 59 114 185 125 19 122 188 85 68 194 247 214 51
195 115 133 3 230 109 180 236 86 72 125 194 180 34 183 74 8 110 106 177 191 107 103 98 110 28 202 19 95 246 135 165 40 30 107 252 232 110 46 70 186 254 76 17 192 19 252 106 25 203 62 110 247 51 56 226 119 216 126 85 58 7 87 147 152 91 118 238 78 148 222 100 44 25 193 48 226 224 80 104 96 250 125 189 234 21 161 227 78 170 57 169 70 177 82 25 115 83 213 96
182 245 130 157 51 15 78 182 92 176 152 98 154 51 89 39 156 163 133 230 130 242 238 244 167 250 254 150 89 46 137 48 187 195 42 58 113 231 17 227 20 161 222 28 3 147 253 57 103 174 2 208 62 237 19 150 221 3 66 114 77 170 6 141 230 22 184 159 212 160 207 45 190 222 221 9 208 157 116 176 6 55 243 18 84 32 43 152 203 250 14 224 193 58 161 161 160 142 150 145
203 85 14 202 126 173 70 230 174 33 73 148 137 113 179 189 195 46 75 9 57 12 89 21 15 108 235 112 136 212 62 7 237 200 153 42 249 168 22 175 65 249 223 34 39 115 206 30 45 198 132 136 65 38 209 26 135 156 135 37 244 140 116 164 131 231 125 51 174 26 7 164 28 5 142 124 213 86 212 114 126 167 39 156 219 219 238 65 86 93 229 128 139 245 41 11 59 213 232 250
102 47 131 237 250 243 125 209 215 61 84 20 2 0 91 21 172 153 74 156 175 252 228 31 34 80 186 114 237 253 245 143 196 92 35 113 206 207 104 222 63 148 165 229 43 52 47 7 250 145 234 230 88 118 19 89 5 75 172 42 140 224 150 115 159 30 46 197 92 232 78 68 53 108 238 147 186 113 84 156 175 69 153 223 42 27 190 67 29 42 176 162 216 106 196 182 168 120 37 146
183 49 65 179 71 242 139 105 117 11 221 129 165 1 19 229 9 22 254 141 252 221 18 95 123 138 48 94 245 164 137 192 191 147 249 190 182 150 134 204 160 3 50 235 254 68 190 118 120 19 67 65 174 162 179 175 242 72 34 245 238 232 12 42 241 20 89 180 241 236 200 222 161 61 25 177 136 43 150 187 33 142 42 214 208 203 41 247 239 31 229 103 9 10 2 41 66 141 79 253
177 202 144 100 231 122 18 97 86 102 182 180 182 186 33 10 3 237 13 236 3 165 53 22 60 134 125 7 213 184 106 213 218 163 185 166 23 155 243 5 90 124 159 68 94 246 197 93 35 228 1 100 167 78 117 178 109 154 88 241 236 47 110 189 235 16 114 250 61 56 106 170 10 190 146 231 11 183 186 27 241 232 98 174 205 176 216 43 165 87 198 241 93 51 239 223 214 145 18 95
16 31 21 3 245 222 182 20 209 47 218 167 42 148 62 85 225 188 159 82 49 86 44 146 135 227 183 197 195 118 46 194 89 123 109 250 2 138 212 21 14 118 133 243 189 170 50 156 54 61 184 190 183 190 176 109 29 225 129 15 53 168 23 38 127 44 241 139 39 157 2 151 45 87 11 175 221 111 3 196 136 158 159 118 169 104 57 180 177 211 141 128 201 190 34 2 63 35 133 217
152 165 211 148 32 246 63 228 53 18 95 164 87 138 26 12 77 137 22 137 122 228 83 39 174 27 152 252 8 192 92 51 13 223 141 122 93 166 150 198 177 88 226 174 181 190 40 163 235 184 79 127 46 30 87 173 98 250 225 254 167 196 15 153 161 229 162 120 244 249 197 167 210 35 154 127 45 191 107 225 113 46 165 29 182 230 45 81 131 5 24 64 245 243 181 202 241 169 110 196
47 169 156 56 231 223 168 166 122 99 207 150 229 24 142 156 81 209 53 100 54 34 97 71 204 190 241 53 193 228 169 76 166 220 40 104 210 17 27 199 101 243 46 30 55 144 8 254 108 175 229 97 201 78 118 81 113 44 212 11 71 98 111 212 153 183 29 107 29 5 85 16 114 233 70 121 151 108 44 8 159 79 173 166 0 29 17 15 108 113 122 97 146 206 187 34 176 96 116 196
216 241 202 222 41 126 250 247 26 148 11 191 237 99 94 92 138 102 168 100 28 248 17 254 1 90 223 75 59 216 126 203 231 16 98 107 19 152 5 242 171 141 179 92 239 188 4 18 175 224 27 29 159 186 229 206 228 225 193 220 27 213 224 135 11 63 153 188 176 123 109 249 78 1 144 251 242 77 64 19 195 69 197 112 131 166 112 57 65 35 112 187 56 145 219 84 12 75 91 109
175 221 135 179 213 131 128 129 143 76 105 141 232 157 21 107 103 117 113 60 47 167 3 42 104 135 121 128 105 165 118 5 73 66 234 196 40 231 60 247 50 139 220 184 106 237 55 177 66 1 120 106 174 184 108 214 123 223 64 31 76 219 169 174 192 234 94 235 155 141 79 57 160 191 83 129 226 49 97 124 245 183 241 196 167 214 151 16 220 250 182 8 139 105 46 28 28 170 231 119
31 66 68 186 121 141 69 163 23 53 26 43 177 252 248 153 26 85 230 199 140 250 73 76 76 70 182 106 114 65 168 147 154 93 103 120 57 246 36 77 94 147 117 169 32 233 226 189 27 130 135 121 145 94 63 162 71 39 61 242 111 79 164 239 220 175 47 8 1 116 231 39 24 6 159 238 33 140 150 168 117 212 251 79 99 25 195 121 177 171 58 50 180 124 125 197 239 108 214 44
181 123 227 107 61 100 3 74 23 227 205 62 242 114 209 46 4 192 122 33 159 82 233 176 71 231 49 71 120 216 65 238 104 7 209 153 70 220 206 79 169 30 80 3 41 141 178 76 19 151 54 204 91 35 236 86 155 95 23 10 156 68 109 32 56 242 33 171 91 168 175 126 168 207 15 203 209 83 185 238 120 108 234 175 93 84 196 128 183 174 78 171 151 200 71 98 110 74 163 227
160 167 181 120 244 197 190 192 93 236 93 209 214 222 169 197 174 14 186 55 27 233 230 251 95 242 3 238 226 30 139 182 168 180 70 24 2 182 93 230 217 117 245 110 219 228 79 11 39 88 85 56 58 63 15 219 181 150 24 54 184 91 100 245 64 54 162 69 19 217 56 130 4 46 243 78 221 89 40 34 220 212 198 11 51 89 202 243 54 127 80 37 232 118 241 244 205 12 71 135
46 47 117 174 188 251 183 36 28 78 210 158 41 188 234 103 79 26 77 43 102 45 78 51 55 92 141 50 210 191 136 138 30 102 174 245 106 190 81 243 141 174 31 237 47 60 73 50 106 87 190 177 163 139 145 245 112 147 201 239 250 255 130 192 165 32 133 175 168 134 61 122 56 172 194 117 50 78 115 141 71 252 84 217 63 156 128 71 53 210 160 234 247 109 5 155 235 97 4 61
103 177 18 83 243 40 227 123 75 61 74 120 161 45 96 211 121 13 26 52 244 18 170 65 35 181 10 125 100 127 135 234 112 164 12 89 132 142 9 26 38 251 221 195 94 28 95 49 207 20 203 110 230 52 246 71 19 182 77 47 86 52 75 149 204 67 93 174 8 8 235 72 178 62 203 195 177 169 114 214 242 135 181 13 233 105 37 241 132 117 97 81 244 149 219 57 1 72 87 36
253 123 152 176 154 223 179 123 216 67 241 173 231 78 197 150 202 9 96 128 237 219 84 80 62 53 128 190 169 247 169 186 110 127 181 122 123 74 136 44 13 224 46 173 4 80 82 83 154 209 108 181 126 191 209 128 177 66 200 9 5 101 237 31 110 178 191 142 204 150 179 114 6 90 219 173 118 33 84 200 166 255 11 133 43 44 236 55 18 12 143 138 139 125 230 171 17 22 211 208
236 223 18 32 58 128 166 90 22 152 249 125 174 54 58 1 100 47 149 33 150 192 98 93 43 24 136 173 15 44 142 72 115 123 56 150 128 226 250 252 6 7 126 18 198 88 58 245 192 195 103 123 42 12 248 223 109 26 225 115 44 101 29 95 202 3 114 113 227 3 37 213 65 206 161 81 133 101 79 171 230 130 123 163 7 229 39 166 91 62 193 166 111 188 133 204 67 195 168 105
237 84 66 82 191 158 189 121 146 45 83 163 224 146 211 109 249 31 242 43 64 70 69 210 171 226 51 139 244 22 185 125 151 245 219 183 141 211 81 202 180 213 170 65 71 62 19 81 56 73 115 5 47 124 200 118 133 170 114 198 129 233 146 137 175 26 152 213 105 130 170 147 10 18 207 104 237 175 49 119 234 64 65 114 119 246 7 244 167 30 54 12 228 19 100 129 175 124 115 17
250 50 73 178 234 50 208 236 40 9 221 194 118 44 206 132 215 60 21 171 177 81 179 210 50 247 77 139 200 42 246 177 148 112 59 84 114 211 70 17 118 122 151 213 233 71 126 78 220 146 143 1 91 215 181 174 60 88 215 13 235 29 110 136 48 210 13 166 169 244 210 166 18 218 109 22 240 63 194 243 120 138 144 142 126 128 119 48 182 2 30 11 95 111 142 181 49 30 28 53
8 156 113 223 111 24 214 251 1 186 42 213 67 173 51 144 27 248 248 181 15 143 239 44 178 217 11 78 151 184 150 106 57 159 129 218 73 150 228 85 129 201 26 98 186 144 44 246 251 14 201 176 108 154 33 165 130 0 206 32 200 185 12 149 169 107 195 94 192 227 98 39 16 81 76 202 22 164 246 224 152 251 129 127 78 188 59 198 130 51 254 231 35 163 96 166 67 173 252 221
63 77 33 17 11 197 194 161 22 9 243 171 71 223 65 89 134 15 9 139 202 99 170 32 114 93 234 197 115 44 75 130 171 180 156 19 90 249 175 140 225 242 205 28 39 148 153 122 39 164 245 85 37 252 30 228 21 225 31 106 120 90 241 192 217 184 36 47 118 38 192 116 153 123 151 136 189 96 194 208 221 223 70 152 157 181 11 70 197 9 162 225 70 112 247 67 37 15 53 208
138 228 58 114 227 187 223 33 98 61 5 137 28 149 161 251 17 49 186 155 81 197 146 35 48 111 11 254 118 170 94 234 96 220 221 229 173 55 69 14 217 34 44 99 24 210 186 199 90 185 201 17 85 185 110 180 195 70 50 106 37 142 184 198 230 104 146 8 247 157 29 129 135 138 255 228 35 152 35 44 167 92 239 131 106 152 206 90 215 205 158 75 120 142 36 80 101 207 5 78
104 159 135 5 223 208 164 195 249 88 231 106 122 134 114 120 117 183 234 187 196 27 236 93 136 88 121 82 215 46 213 217 180 55 44 211 29 76 203 50 247 7 165 109 137 14 196 213 51 150 248 111 69 94 13 59 35 110 165 151 168 46 217 75 52 129 114 214 158 54 84 48 246 69 249 188 161 52 88 25 73 88 26 130 146 3 47 25 198 162 86 196 248 135 162 173 242 61 161 28
7 102 254 152 33 201 44 76 65 247 52 158 204 120 9 251 228 156 174 60 53 50 42 111 27 31 216 131 133 174 223 231 224 79 91 233 164 80 100 173 250 147 180 125 253 71 98 172 228 167 134 37 240 221 91 224 50 134 225 87 119 216 241 49 204 73 234 68 97 20 189 200 90 253 208 124 31 219 63 252 72 195 158 208 248 86 54 218 215 38 182 254 165 206 192 95 181 201 28 223
139 74 108 51 7 139 30 8 122 240 94 177 34 239 114 119 229 99 125 138 87 32 3 64 79 25 176 229 95 70 117 92 225 112 94 126 227 224 183 28 248 178 210 157 168 35 131 219 102 205 99 1 217 124 221 229 7 184 120 91 74 71 152 70 41 237 118 174 7 24 80 32 115 244 56 39 98 13 38 199 75 64 233 60 134 42 209 252 120 150 155 171 109 6 246 142 222 187 145 167
0 203 102 49 91 101 177 170 141 50 194 96 233 199 230 127 169 196 67 30 41 43 155 186 154 103 229 37 20 107 5 37 96 88 182 135 189 172 107 47 169 91 227 167 92 17 115 129 135 78 50 182 174 245 185 13 201 115 3 250 87 31 132 54 156 215 145 108 50 97 148 208 130 234 136 128 192 158 56 90 25 207 145 158 127 142 231 54 219 54 107 125 235 150 212 48 194 131 249 218
248 225 39 103 51 92 62 97 224 16 218 116 144 244 203 191 159 5 91 253 46 68 117 30 207 37 196 107 142 161 250 57 121 134 32 42 124 148 214 22 138 13 110 146 224 245 173 187 33 249 214 107 180 247 24 101 27 143 108 19 146 111 220 17 130 179 134 90 248 239 15 100 56 176 222 216 23 182 6 96 123 215 210 62 248 78 251 124 72 10 0 25 36 225 10 94 175 189 157 105
89 28 249 89 30 139 96 4 250 128 101 4 175 36 83 224 42 32 31 90 210 205 97 90 16 110 49 235 188 164 225 215 179 229 168 4 112 75 170 196 32 152 160 57 144 97 127 24 22 45 208 113 224 95 133 93 23 61 43 245 24 81 131 93 139 178 51 123 84 215 78 19 183 194 251 158 76 48 92 12 204 234 115 68 171 155 142 155 159 26 38 150 111 17 120 61 163 134 153 26
181 84 167 23 248 32 177 22 169 201 90 172 159 193 184 18 138 8 123 243 73 169 181 227 104 243 15 175 105 61 98 233 21 157 186 172 181 136 223 156 157 26 40 219 155 100 88 240 141 55 241 177 12 156 154 80 239 63 121 171 53 224 195 44 193 1 6 63 138 57 3 97 127 66 65 208 119 155 123 100 227 71 241 195 20 246 231 50 108 193 92 182 149 33 44 17 180 151 109 252
174 180 227 234 106 74 216 28 236 220 4 232 75 224 170 185 78 247 9 0 209 241 76 38 51 191 96 137 171 25 199 74 125 224 88 1 181 90 29 195 207 94 206 24 141 21 209 8 68 142 197 186 141 90 203 56 75 19 202 217 78 119 171 41 138 188 155 172 252 128 1 178 247 130 132 80 67 65 127 57 133 78 45 238 133 244 122 71 67 209 191 96 16 96 44 58 248 33 220 226
240 171 244 19 91 194 230 245 225 169 6 59 160 162 157 124 162 10 219 60 158 205 70 123 162 65 63 193 5 209 237 20 48 228 191 178 238 129 218 176 179 236 209 216 245 185 140 18 60 208 62 253 178 127 11 93 49 17 222 120 108 201 97 21 133 241 51 109 59 14 25 164 205 13 218 220 207 58 125 26 164 200 234 36 250 18 223 221 17 223 47 127 214 67 27 186 169 27 157 20
242 103 67 132 121 158 192 175 112 179 120 153 225 75 203 207 49 191 23 178 61 114 72 232 85 206 16 252 5 218 55 205 13 126 204 183 45 112 3 224 37 153 41 176 195 84 29 9 28 106 157 211 228 211 56 187 75 34 88 1 17 68 196 70 148 130 48 44 58 227 87 171 98 101 46 125 59 154 246 70 137 90 49 194 52 181 209 119 180 240 35 103 197 57 16 193 198 221 246 71
5 164 48 100 182 209 66 113 181 87 140 171 37 22 33 37 232 182 210 121 53 236 221 46 20 205 119 88 111 114 123 8 56 81 166 42 159 12 108 136 52 214 204 72 253 231 163 80 63 73 31 152 149 133 126 147 96 45 123 229 223 244 174 185 36 68 196 195 201 162 57 34 189 142 56 97 114 221 84 9 191 52 156 153 106 82 50 248 181 122 189 196 254 220 53 92 228 95 10 65
95 71 169 6 89 10 118 255 200 1 59 172 192 94 148 82 100 25 190 110 106 68 197 228 99 52 129 193 112 197 116 184 192 130 109 182 24 99 28 188 221 56 5 106 10 44 47 136 160 17 172 37 220 157 168 241 108 125 62 30 206 76 53 30 117 114 161 163 84 146 220 163 32 129 53 213 68 196 114 226 90 37 191 67 1 84 213 211 133 102 103 167 73 115 22 200 186 193 80 85
126 170 166 136 30 101 122 64 12 228 238 75 83 56 190 51 118 148 87 114 78 205 226 64 71 30 246 82 95 129 164 163 202 31 254 250 149 207 176 86 224 106 187 137 118 38 153 172 101 33 155 121 91 30 74 235 17 65 198 224 166 207 164 227 108 14 82 55 186 213 231 129 38 233 43 113 181 11 239 106 249 62 129 158 187 8 38 23 152 73 194 154 200 87 127 29 173 134 7 165
50 59 27 159 217 194 242 102 245 160 80 67 52 87 217 198 226 63 125 6 168 80 71 182 187 238 142 22 68 113 126 66 228 109 14 182 59 77 73 157 1 252 134 102 93 15 156 72 237 241 137 16 133 156 109 157 192 191 41 73 155 191 203 250 120 117 243 225 47 130 245 25 250 35 82 249 195 144 84 106 220 153 183 80 146 30 152 184 253 107 166 110 163 31 152 84 70 209 167 16
166 2 27 109 132 226 245 148 136 134 90 135 194 38 65 119 244 223 146 222 103 112 232 136 52 63 110 81 14 212 28 150 47 147 6 173 188 6 24 138 81 126 39 210 67 228 246 23 180 83 246 117 75 72 185 209 193 137 41 183 65 156 89 197 207 66 74 57 123 1 173 109 99 249 242 70 178 27 103 155 76 91 89 26 66 40 48 61 90 3 211 156 242 75 188 35 175 56 125 231
152 178 117 141 253 135 168 155 196 210 202 71 232 207 15 118 131 43 171 15 21 25 246 67 17 172 83 199 66 213 144 234 224 51 151 153 16 5 192 144 85 195 255 74 167 13 176 50 112 15 33 127 150 237 18 242 152 220 114 93 159 80 236 206 230 213 36 11 87 224 122 1 139 176 132 242 114 170 242 200 32 161 197 173 30 85 239 182 28 136 11 203 85 7 211 52 30 96 159 13
16 86 228 12 65 12 208 65 98 214 133 7 7 73 22 98 109 45 192 181 237 208 80 200 132 175 93 54 75 233 10 209 254 240 24 194 255 177 55 236 8 78 214 44 206 180 100 166 198 92 220 111 162 24 91 203 29 137 80 46 167 199 183 255 239 130 107 108 157 39 112 107 195 155 26 87 225 154 123 216 8 132 162 134 100 195 213 207 146 70 172 17 144 102 239 142 7 94 100 248
252 204 33 17 166 206 62 34 252 244 159 59 84 21 14 173 50 222 120 95 244 81 127 121 245 150 231 133 26 8 185 40 6 90 250 48 49 239 208 4 83 184 39 189 164 45 82 184 60 20 66 179 70 225 231 21 114 116 160 183 139 248 134 34 177 31 51 248 168 237 188 85 183 92 187 38 194 130 233 247 90 156 21 27 17 252 102 217 11 244 183 242 138 154 183 66 44 111 151 237
124 99 57 241 67 196 224 199 85 116 194 158 109 18 164 48 25 17 241 137 198 184 29 220 78 94 38 124 59 115 240 181 156 198 110 200 142 185 37 186 6 235 5 111 170 215 147 69 206 57 54 211 233 205 224 194 232 143 11 112 142 221 145 2 108 144 190 31 132 69 118 46 194 115 114 89 135 83 63 167 237 145 115 247 133 219 33 219 51 220 188 175 164 119 102 213 245 222 163 166
211 60 67 60 16 248 236 122 78 240 252 116 233 163 16 152 143 117 249 246 198 185 132 66 119 126 6 65 79 171 64 33 69 39 213 126 218 206 125 19 45 216 165 120 55 246 120 160 32 94 223 195 95 122 91 158 185 141 207 103 65 175 17 247 132 188 217 43 207 77 162 37 46 46 178 104 13 19 30 27 156 192 51 88 194 58 83 91 1 111 67 241 110 158 32 82 69 200 233 95
47 89 176 19 107 136 201 232 214 35 98 129 181 178 128 20 15 128 20 127 149 134 176 18 60 62 109 179 87 70 68 177 51 96 159 108 161 225 215 32 38 174 3 132 67 31 174 239 87 245 35 206 136 235 57 146 98 39 220 48 171 141 72 11 189 184 97 31 214 181 211 79 245 142 130 248 238 195 129 170 153 79 126 204 3 93 253 158 230 123 7 238 132 5 191 249 171 28 110 238
114 83 46 222 240 213 88 245 146 0 166 140 249 229 120 229 64 165 220 88 18 159 173 48 116 46 81 28 110 128 123 140 89 254 123 68 77 81 221 18 157 140 10 88 21 210 134 130 30 167 115 201 126 225 254 158 38 20 44 238 39 137 194 49 29 51 34 165 184 49 14 186 228 179 191 23 229 161 245 192 155 25 252 68 156 225 60 192 138 48 10 21 181 81 56 215 241 5 211 8
236 28 213 94 104 21 42 5 133 205 204 191 245 206 22 3 125 129 166 40 200 214 74 250 10 83 67 220 209 214 75 246 201 116 201 112 21 208 236 21 157 247 145 86 161 134 54 67 92 116 2 165 217 229 170 125 126 192 42 211 185 75 78 30 220 63 71 89 68 225 82 215 129 210 62 33 105 189 101 205 94 150 17 198 144 83 7 87 3 228 167 195 211 177 153 120 246 190 120 151
198 96 203 17 168 184 90 59 60 22 63 158 87 17 228 175 104 48 121 232 200 245 84 153 75 173 124 247 69 245 215 12 192 49 230 181 160 72 99 25 17 211 86 154 153 22 255 135 165 252 129 158 138 139 56 182 145 175 197 36 252 52 129 171 124 226 94 166 140 253 141 6 88 217 213 207 123 85 46 138 251 26 46 228 3 36 18 160 172 142 166 185 222 100 93 110 122 113 156 93
159 25 3 20 135 113 160 222 42 87 69 124 50 57 22 115 28 121 176 68 240 235 246 245 118 251 21 245 126 31 160 83 63 13 169 81 232 21 120 68 90 203 62 5 22 33 54 122 89 115 1 183 133 234 11 12 2 151 137 58 82 120 64 32 159 104 194 109 138 14 219 230 61 68 101 154 54 174 91 203 40 242 77 212 193 199 24 83 165 177 51 126 103 151 94 72 245 190 206 33
42 191 217 60 234 13 215 183 106 198 104 227 14 59 100 4 77 235 248 30 199 142 187 95 226 66 7 123 29 229 85 224 155 118 100 254 95 83 128 243 152 103 88 31 67 214 133 3 17 185 220 250 68 8 19 78 100 18 17 5 45 250 109 77 232 86 197 119 181 171 185 122 140 171 7 158 129 111 235 142 158 8 82 79 246 163 187 141 239 65 70 160 182 150 125 247 19 251 64 113
38 24 32 170 135 136 163 245 190 167 64 254 222 117 128 233 20 211 116 101 26 174 99 250 238 54 40 103 84 108 52 173 218 182 86 129 19 124 253 54 48 118 149 54 34 24 198 83 25 132 70 7 22 174 139 1 114 113 167 230 231 33 252 153 206 224 246 67 43 169 163 41 80 69 212 33 79 167 223 42 10 63 20 90 77 77 55 5 104 201 231 119 88 226 111 128 44 60 241 71
144 24 250 76 12 182 218 116 133 153 60 80 120 86 19 78 190 121 221 49 52 157 98 218 131 39 29 120 161 175 235 217 165 93 111 80 40 92 74 117 89 102 24 253 254 235 242 40 66 3 119 65 198 52 184 43 16 66 136 68 249 237 204 52 44 3 156 58 75 157 103 5 72 195 200 233 127 139 69 224 168 151 132 200 50 169 219 164 206 1 105 5 81 234 215 229 48 132 214 226
225 175 114 91 219 124 157 246 48 191 22 68 29 218 178 56 141 55 33 216 61 229 189 249 186 47 153 181 210 191 228 208 78 57 132 195 84 189 211 245 206 60 61 62 15 132 101 39 28 42 154 5 120 248 162 153 165 52 113 76 34 50 123 165 241 177 125 22 57 172 185 50 175 1 79 115 212 99 82 210 134 3 122 76 73 240 16 91 81 10 239 46 92 26 49 154 133 5 105 127
197 127 84 100 133 129 237 64 47 236 227 97 82 172 227 183 133 1 125 164 255 190 81 70 105 192 245 19 247 85 125 144 40 137 80 94 43 54 224 162 110 79 87 133 106 145 222 172 131 132 60 79 174 110 57 1 52 88 63 65 144 237 73 9 1 78 163 22 148 137 36 126 170 112 146 32 253 28 77 187 70 100 157 239 51 137 150 20 174 230 25 230 75 54 168 91 55 106 110 204
171 208 64 160 193 171 22 114 39 161 133 221 234 51 61 123 154 71 35 249 44 41 22 37 29 195 22 123 175 192 98 49 33 181 255 218 190 190 151 13 167 110 69 157 31 143 13 100 25 143 117 230 119 17 237 7 19 133 86 93 133 16 234 210 108 129 25 170 251 224 129 152 72 233 11 59 100 103 188 206 70 99 157 7 130 88 191 44 139 244 125 115 140 174 197 3 136 109 200 5
26 72 193 48 31 72 168 26 155 4 152 117 128 20 243 73 131 61 27 73 41 243 31 234 21 248 190 142 99 218 118 10 140 141 204 243 92 47 4 171 115 134 169 215 13 102 154 147 66 98 47 66 143 207 240 231 94 156 174 194 0 55 184 10 208 210 181 71 235 116 177 185 181 170 46 91 8 64 239 13 110 234 63 213 168 188 75 68 1 45 9 60 244 32 59 237 185 44 46 115
139 34 87 59 22 221 242 187 189 248 19 66 213 109 88 198 199 70 245 221 80 166 136 63 40 80 86 210 19 223 6 99 97 108 234 115 61 174 237 56 174 24 147 106 25 110 138 223 177 75 23 163 229 101 131 250 98 91 241 150 107 163 60 183 161 179 82 101 130 120 195 105 35 120 146 119 148 73 3 166 102 119 148 30 221 89 78 23 17 100 183 57 70 32 121 138 138 54 194 108
53 133 204 151 68 218 34 167 127 252 36 150 219 212 168 193 4 49 184 111 87 178 237 219 130 45 184 109 181 213 90 80 33 208 163 150 108 216 144 157 96 64 184 210 77 120 190 19 44 21 12 145 108 159 205 222 201 62 216 150 238 115 167 19 69 232 102 37 244 170 247 87 195 215 130 216 32 61 88 146 112 107 41 244 108 39 62 254 151 81 213 30 253 58 49 35 79 74 198 221
241 188 38 253 119 124 63 206 244 95 55 171 189 101 15 108 238 139 246 13 202 186 23 179 171 57 81 236 189 183 229 215 140 109 236 20 157 147 130 175 235 83 36 7 44 21 40 123 197 62 121 97 188 41 113 195 96 232 206 244 139 42 236 241 230 216 89 210 140 182 247 49 165 79 207 171 161 173 68 18 68 235 220 48 139 77 83 10 105 36 4 148 219 116 242 170 230 237 156 129
225 131 110 87 43 251 60 76 123 3 106 197 66 123 58 20 214 234 35 240 237 249 124 254 204 240 70 171 224 155 79 47 51 55 236 98 106 199 103 13 222 155 205 30 55 100 82 141 37 151 109 120 211 89 207 143 134 97 75 134 40 133 107 183 226 7 137 174 168 180 35 99 152 233 66 0 44 214 151 210 110 15 238 71 153 247 198 253 178 149 51 23 119 121 120 30 232 54 107 160
220 66 97 126 163 43 58 224 54 165 145 62 124 132 171 225 131 105 23 102 250 145 254 202 199 43 77 57 77 170 133 234 197 34 210 190 170 199 114 197 72 90 200 47 173 73 115 154 19 67 125 181 95 59 100 89 98 158 201 199 150 185 187 235 216 38 231 23 116 98 59 172 169 212 118 118 176 68 183 19 162 144 171 233 168 253 58 184 122 127 179 243 47 174 207 0 212 25 199 36
247 226 197 41 241 198 254 55 201 57 42 138 55 20 163 250 130 233 153 8 66 166 240 34 50 231 67 26 90 99 74 34 60 6 210 187 36 245 188 73 125 32 59 245 12 183 93 181 144 70 44 62 170 45 120 211 82 242 12 231 83 111 144 134 130 77 80 34 84 94 249 24 46 144 23 186 124 204 17 124 107 223 143 206 38 70 48 236 60 152 1 67 243 205 97 215 203 236 162 169
31 59 245 48 65 227 57 162 141 109 61 168 82 158 48 145 135 42 112 132 159 14 188 18 126 43 149 16 133 190 51 66 223 111 149 138 228 215 130 199 51 82 69 26 26 6 54 146 122 123 121 88 18 248 240 249 197 101 177 135 81 227 66 8 232 131 218 90 153 220 10 187 245 165 177 53 193 100 133 50 167 254 18 14 194 156 228 4 9 84 78 230 142 210 242 42 204 51 168 194
156 239 212 227 21 139 57 203 252 185 124 184 34 94 63 128 31 122 9 93 48 20 27 194 133 13 122 78 154 148 186 22 55 235 179 59 199 144 112 168 112 37 228 190 31 233 177 120 218 79 172 212 79 125 94 83 53 141 173 140 188 39 81 171 196 231 241 103 193 197 118 213 86 29 97 24 233 78 15 86 146 249 220 39 28 114 208 221 188 15 157 30 170 210 67 85 70 175 212 81
192 95 135 148 25 235 190 32 149 200 83 155 112 163 45 236 152 209 123 114 91 240 205 87 15 115 184 246 123 229 206 46 45 83 9 17 97 78 88 98 163 142 53 101 36 70 243 168 88 153 183 12 249 93 32 147 157 236 28 15 122 206 140 96 144 129 143 24 154 115 51 70 145 64 143 233 109 99 107 11 153 183 29 2 184 150 207 231 129 224 132 245 50 92 29 96 133 236 228 74